λ
194.249
194.519
194.789
195.059
195.329
195.599
195.868
196.138
196.408
196.678
196.948
197.218
197.488
197.758
198.028
198.297
198.567
198.837
199.107
199.377
199.647
199.916
200.186
200.456
200.726
200.996
201.265
201.535
201.805
202.075
202.344
202.614
202.884
203.153
203.423
203.693
203.962
204.232
204.502
204.772
205.041
205.311
205.58
205.85
206.12
206.389
206.659
206.929
207.198
207.468
207.737
208.007
208.276
208.546
208.815
209.085
209.355
209.624
209.894
210.163
210.433
210.702
210.972
211.241
211.51
211.78
212.049
212.319
212.588
212.858
213.127
213.397
213.666
213.935
214.205
214.474
214.743
215.013
215.282
215.552
215.821
216.09
216.359
216.629
216.898
217.167
217.437
217.706
217.975
218.245
218.514
218.783
219.052
219.321
219.591
219.86
220.129
220.398
220.668
220.937
221.206
221.475
221.744
222.013
222.283
222.552
222.821
223.09
223.359
223.628
223.897
224.166
224.435
224.704
224.974
225.243
225.512
225.781
226.05
226.319
226.588
226.857
227.126
227.395
227.664
227.933
228.202
228.471
228.74
229.009
229.278
229.546
229.815
230.084
230.353
230.622
230.891
231.16
231.429
231.698
231.966
232.235
232.504
232.773
233.042
233.311
233.579
233.848
234.117
234.386
234.655
234.923
235.192
235.461
235.73
235.998
236.267
236.536
236.804
237.073
237.342
237.611
237.879
238.148
238.417
238.685
238.954
239.223
239.491
239.76
240.028
240.297
240.566
240.834
241.103
241.371
241.64
241.909
242.177
242.446
242.714
242.983
243.251
243.52
243.788
244.057
244.325
244.594
244.862
245.131
245.399
245.668
245.936
246.204
246.473
246.741
247.01
247.278
247.546
247.815
248.083
248.352
248.62
248.888
249.157
249.425
249.693
249.962
250.23
250.498
250.767
251.035
251.303
251.571
251.84
252.108
252.376
252.644
252.913
253.181
253.449
253.717
253.985
254.254
254.522
254.79
255.058
255.326
255.594
255.863
256.131
256.399
256.667
256.935
257.203
257.471
257.739
258.007
258.275
258.544
258.812
259.08
259.348
259.616
259.884
260.152
260.42
260.688
260.956
261.224
261.492
261.76
262.028
262.296
262.563
262.831
263.099
263.367
263.635
263.903
264.171
264.439
264.707
264.975
265.242
265.51
265.778
266.046
266.314
266.582
266.849
267.117
267.385
267.653
267.921
268.188
268.456
268.724
268.992
269.259
269.527
269.795
270.062
270.33
270.598
270.866
271.133
271.401
271.669
271.936
272.204
272.472
272.739
273.007
273.274
273.542
273.81
274.077
274.345
274.612
274.88
275.147
275.415
275.683
275.95
276.218
276.485
276.753
277.02
277.288
277.555
277.823
278.09
278.358
278.625
278.892
279.16
279.427
279.695
279.962
280.23
280.497
280.764
281.032
281.299
281.566
281.834
282.101
282.368
282.636
282.903
283.17
283.438
283.705
283.972
284.24
284.507
284.774
285.041
285.309
285.576
285.843
286.11
286.378
286.645
286.912
287.179
287.446
287.714
287.981
288.248
288.515
288.782
289.049
289.316
289.584
289.851
290.118
290.385
290.652
290.919
291.186
291.453
291.72
291.987
292.254
292.521
292.788
293.055
293.322
293.589
293.856
294.123
294.39
294.657
294.924
295.191
295.458
295.725
295.992
296.259
296.526
296.793
297.06
297.326
297.593
297.86
298.127
298.394
298.661
298.927
299.194
299.461
299.728
299.995
300.262
300.528
300.795
301.062
301.329
301.595
301.862
302.129
302.396
302.662
302.929
303.196
303.462
303.729
303.996
304.262
304.529
304.796
305.062
305.329
305.596
305.862
306.129
306.395
306.662
306.929
307.195
307.462
307.728
307.995
308.261
308.528
308.794
309.061
309.328
309.594
309.861
310.127
310.393
310.66
310.926
311.193
311.459
311.726
311.992
312.259
312.525
312.791
313.058
313.324
313.591
313.857
314.123
314.39
314.656
314.922
315.189
315.455
315.721
315.988
316.254
316.52
316.786
317.053
317.319
317.585
317.852
318.118
318.384
318.65
318.916
319.183
319.449
319.715
319.981
320.247
320.514
320.78
321.046
321.312
321.578
321.844
322.11
322.376
322.643
322.909
323.175
323.441
323.707
323.973
324.239
324.505
324.771
325.037
325.303
325.569
325.835
326.101
326.367
326.633
326.899
327.165
327.431
327.697
327.963
328.229
328.495
328.761
329.026
329.292
329.558
329.824
330.09
330.356
330.622
330.888
331.153
331.419
331.685
331.951
332.217
332.482
332.748
333.014
333.28
333.546
333.811
334.077
334.343
334.608
334.874
335.14
335.406
335.671
335.937
336.203
336.468
336.734
337.0
337.265
337.531
337.797
338.062
338.328
338.593
338.859
339.125
339.39
339.656
339.921
340.187
340.452
340.718
340.983
341.249
341.514
341.78
342.045
342.311
342.576
342.842
343.107
343.373
343.638
343.904
344.169
344.435
344.7
344.965
345.231
345.496
345.761
346.027
346.292
346.558
346.823
347.088
347.354
347.619
347.884
348.149
348.415
348.68
348.945
349.211
349.476
349.741
350.006
350.272
350.537
350.802
351.067
351.332
351.598
351.863
352.128
352.393
352.658
352.924
353.189
353.454
353.719
353.984
354.249
354.514
354.779
355.044
355.309
355.575
355.84
356.105
356.37
356.635
356.9
357.165
357.43
357.695
357.96
358.225
358.49
358.755
359.02
359.285
359.55
359.815
360.079
360.344
360.609
360.874
361.139
361.404
361.669
361.934
362.199
362.463
362.728
362.993
363.258
363.523
363.788
364.052
364.317
364.582
364.847
365.111
365.376
365.641
365.906
366.17
366.435
366.7
366.965
367.229
367.494
367.759
368.023
368.288
368.553
368.817
369.082
369.347
369.611
369.876
370.14
370.405
370.67
370.934
371.199
371.463
371.728
371.992
372.257
372.522
372.786
373.051
373.315
373.58
373.844
374.109
374.373
374.637
374.902
375.166
375.431
375.695
375.96
376.224
376.489
376.753
377.017
377.282
377.546
377.81
378.075
378.339
378.603
378.868
379.132
379.396
379.661
379.925
380.189
380.454
380.718
380.982
381.246
381.511
381.775
382.039
382.303
382.568
382.832
383.096
383.36
383.624
383.888
384.153
384.417
384.681
384.945
385.209
385.473
385.737
386.002
386.266
386.53
386.794
387.058
387.322
387.586
387.85
388.114
388.378
388.642
388.906
389.17
389.434
389.698
389.962
390.226
390.49
390.754
391.018
391.282
391.546
391.81
392.074
392.337
392.601
392.865
393.129
393.393
393.657
393.921
394.185
394.448
394.712
394.976
395.24
395.504
395.767
396.031
396.295
396.559
396.822
397.086
397.35
397.614
397.877
398.141
398.405
398.669
398.932
399.196
399.46
399.723
399.987
400.251
400.514
400.778
401.041
401.305
401.569
401.832
402.096
402.359
402.623
402.887
403.15
403.414
403.677
403.941
404.204
404.468
404.731
404.995
405.258
405.522
405.785
406.049
406.312
406.575
406.839
407.102
407.366
407.629
407.893
408.156
408.419
408.683
408.946
409.209
409.473
409.736
409.999
410.263
410.526
410.789
411.053
411.316
411.579
411.843
412.106
412.369
412.632
412.896
413.159
413.422
413.685
413.948
414.212
414.475
414.738
415.001
415.264
415.527
415.791
416.054
416.317
416.58
416.843
417.106
417.369
417.632
417.895
418.158
418.422
418.685
418.948
419.211
419.474
419.737
420.0
420.263
420.526
420.789
421.052
421.315
421.578
421.841
422.103
422.366
422.629
422.892
423.155
423.418
423.681
423.944
424.207
424.47
424.732
424.995
425.258
425.521
425.784
426.047
426.309
426.572
426.835
427.098
427.36
427.623
427.886
428.149
428.411
428.674
428.937
429.2
429.462
429.725
429.988
430.25
430.513
430.776
431.038
431.301
431.564
431.826
432.089
432.351
432.614
432.877
433.139
433.402
433.664
433.927
434.189
434.452
434.715
434.977
435.24
435.502
435.765
436.027
436.289
436.552
436.814
437.077
437.339
437.602
437.864
438.127
438.389
438.651
438.914
439.176
439.439
439.701
439.963
440.226
440.488
440.75
441.013
441.275
441.537
441.8
442.062
442.324
442.586
442.849
443.111
443.373
443.635
443.898
444.16
444.422
444.684
444.946
445.209
445.471
445.733
445.995
446.257
446.519
446.782
447.044
447.306
447.568
447.83
448.092
448.354
448.616
448.878
449.14
449.402
449.664
449.926
450.188
450.45
450.712
450.974
451.236
451.498
451.76
452.022
452.284
452.546
452.808
453.07
453.332
453.594
453.856
454.118
454.38
454.642
454.903
455.165
455.427
455.689
455.951
456.213
456.474
456.736
456.998
457.26
457.522
457.783
458.045
458.307
458.569
458.83
459.092
459.354
459.615
459.877
460.139
460.401
460.662
460.924
461.186
461.447
461.709
461.97
462.232
462.494
462.755
463.017
463.279
463.54
463.802
464.063
464.325
464.586
464.848
465.109
465.371
465.632
465.894
466.155
466.417
466.678
466.94
467.201
467.463
467.724
467.986
468.247
468.508
468.77
469.031
469.293
469.554
469.815
470.077
470.338
470.599
470.861
471.122
471.383
471.645
471.906
472.167
472.429
472.69
472.951
473.212
473.474
473.735
473.996
474.257
474.519
474.78
475.041
475.302
475.563
475.825
476.086
476.347
476.608
476.869
477.13
477.391
477.653
477.914
478.175
478.436
478.697
478.958
479.219
479.48
479.741
480.002
480.263
480.524
480.785
481.046
481.307
481.568
481.829
482.09
482.351
482.612
482.873
483.134
483.395
483.656
483.917
484.177
484.438
484.699
484.96
485.221
485.482
485.743
486.003
486.264
486.525
486.786
487.047
487.308
487.568
487.829
488.09
488.351
488.611
488.872
489.133
489.394
489.654
489.915
490.176
490.436
490.697
490.958
491.218
491.479
491.74
492.0
492.261
492.521
492.782
493.043
493.303
493.564
493.824
494.085
494.346
494.606
494.867
495.127
495.388
495.648
495.909
496.169
496.43
496.69
496.951
497.211
497.471
497.732
497.992
498.253
498.513
498.774
499.034
499.294
499.555
499.815
500.075
500.336
500.596
500.857
501.117
501.377
501.637
501.898
502.158
502.418
502.679
502.939
503.199
503.459
503.72
503.98
504.24
504.5
504.76
505.021
505.281
505.541
505.801
506.061
506.321
506.582
506.842
507.102
507.362
507.622
507.882
508.142
508.402
508.662
508.923
509.183
509.443
509.703
509.963
510.223
510.483
510.743
511.003
511.263
511.523
511.783
512.043
512.303
512.562
512.822
513.082
513.342
513.602
513.862
514.122
514.382
514.642
514.901
515.161
515.421
515.681
515.941
516.201
516.46
516.72
516.98
517.24
517.5
517.759
518.019
518.279
518.539
518.798
519.058
519.318
519.577
519.837
520.097
520.357
520.616
520.876
521.135
521.395
521.655
521.914
522.174
522.434
522.693
522.953
523.212
523.472
523.731
523.991
524.251
524.51
524.77
525.029
525.289
525.548
525.808
526.067
526.327
526.586
526.846
527.105
527.364
527.624
527.883
528.143
528.402
528.661
528.921
529.18
529.44
529.699
529.958
530.218
530.477
530.736
530.996
531.255
531.514
531.773
532.033
532.292
532.551
532.81
533.07
533.329
533.588
533.847
534.107
534.366
534.625
534.884
535.143
535.403
535.662
535.921
536.18
536.439
536.698
536.957
537.216
537.475
537.735
537.994
538.253
538.512
538.771
539.03
539.289
539.548
539.807
540.066
540.325
540.584
540.843
541.102
541.361
541.62
541.879
542.138
542.397
542.655
542.914
543.173
543.432
543.691
543.95
544.209
544.468
544.726
544.985
545.244
545.503
545.762
546.02
546.279
546.538
546.797
547.056
547.314
547.573
547.832
548.091
548.349
548.608
548.867
549.125
549.384
549.643
549.901
550.16
550.419
550.677
550.936
551.195
551.453
551.712
551.97
552.229
552.488
552.746
553.005
553.263
553.522
553.78
554.039
554.297
554.556
554.814
555.073
555.331
555.59
555.848
556.107
556.365
556.623
556.882
557.14
557.399
557.657
557.916
558.174
558.432
558.691
558.949
559.207
559.466
559.724
559.982
560.241
560.499
560.757
561.015
561.274
561.532
561.79
562.048
562.307
562.565
562.823
563.081
563.34
563.598
563.856
564.114
564.372
564.63
564.889
565.147
565.405
565.663
565.921
566.179
566.437
566.695
566.953
567.211
567.47
567.728
567.986
568.244
568.502
568.76
569.018
569.276
569.534
569.792
570.05
570.308
570.566
570.823
571.081
571.339
571.597
571.855
572.113
572.371
572.629
572.887
573.145
573.402
573.66
573.918
574.176
574.434
574.691
574.949
575.207
575.465
575.723
575.98
576.238
576.496
576.754
577.011
577.269
577.527
577.784
578.042
578.3
578.557
578.815
579.073
579.33
579.588
579.846
580.103
580.361
580.619
580.876
581.134
581.391
581.649
581.906
582.164
582.421
582.679
582.937
583.194
583.452
583.709
583.966
584.224
584.481
584.739
584.996
585.254
585.511
585.769
586.026
586.283
586.541
586.798
587.056
587.313
587.57
587.828
588.085
588.342
588.6
588.857
589.114
589.372
589.629
589.886
590.143
590.401
590.658
590.915
591.172
591.43
591.687
591.944
592.201
592.458
592.715
592.973
593.23
593.487
593.744
594.001
594.258
594.515
594.773
595.03
595.287
595.544
595.801
596.058
596.315
596.572
596.829
597.086
597.343
597.6
597.857
598.114
598.371
598.628
598.885
599.142
599.399
599.656
599.913
600.17
600.427
600.683
600.94
601.197
601.454
601.711
601.968
602.225
602.481
602.738
602.995
603.252
603.509
603.765
604.022
604.279
604.536
604.792
605.049
605.306
605.563
605.819
606.076
606.333
606.589
606.846
607.103
607.359
607.616
607.873
608.129
608.386
608.643
608.899
609.156
609.412
609.669
609.926
610.182
610.439
610.695
610.952
611.208
611.465
611.721
611.978
612.234
612.491
612.747
613.004
613.26
613.517
613.773
614.029
614.286
614.542
614.799
615.055
615.311
615.568
615.824
616.08
616.337
616.593
616.849
617.106
617.362
617.618
617.875
618.131
618.387
618.643
618.9
619.156
619.412
619.668
619.925
620.181
620.437
620.693
620.949
621.206
621.462
621.718
621.974
622.23
622.486
622.742
622.998
623.255
623.511
623.767
624.023
624.279
624.535
624.791
625.047
625.303
625.559
625.815
626.071
626.327
626.583
626.839
627.095
627.351
627.607
627.863
628.119
628.375
628.63
628.886
629.142
629.398
629.654
629.91
630.166
630.421
630.677
630.933
631.189
631.445
631.701
631.956
632.212
632.468
632.724
632.979
633.235
633.491
633.747
634.002
634.258
634.514
634.769
635.025
635.281
635.536
635.792
636.048
636.303
636.559
636.814
637.07
637.326
637.581
637.837
638.092
638.348
638.604
638.859
639.115
639.37
639.626
639.881
640.137
640.392
640.648
640.903
641.158
641.414
641.669
641.925
642.18
642.436
642.691
642.946
643.202
643.457
643.713
643.968
644.223
644.479
644.734
644.989
645.244
645.5
645.755
646.01
646.266
646.521
646.776
647.031
647.287
647.542
647.797
648.052
648.307
648.563
648.818
649.073
649.328
649.583
649.838
650.094
650.349
650.604
650.859
651.114
651.369
651.624
651.879
652.134
652.389
652.644
652.899
653.154
653.409
653.664
653.919
654.174
654.429
654.684
654.939
655.194
655.449
655.704
655.959
656.214
656.469
656.724
656.979
657.234
657.488
657.743
657.998
658.253
658.508
658.763
659.017
659.272
659.527
659.782
660.037
660.291
660.546
660.801
661.056
661.31
661.565
661.82
662.074
662.329
662.584
662.838
663.093
663.348
663.602
663.857
664.112
664.366
664.621
664.876
665.13
665.385
665.639
665.894
666.148
666.403
666.657
666.912
667.166
667.421
667.675
667.93
668.184
668.439
668.693
668.948
669.202
669.457
669.711
669.966
670.22
670.474
670.729
670.983
671.237
671.492
671.746
672.001
672.255
672.509
672.763
673.018
673.272
673.526
673.781
674.035
674.289
674.543
674.798
675.052
675.306
675.56
675.814
676.069
676.323
676.577
676.831
677.085
677.339
677.594
677.848
678.102
678.356
678.61
678.864
679.118
679.372
679.626
679.88
680.134
680.388
680.643
680.897
681.151
681.405
681.659
681.912
682.166
682.42
682.674
682.928
683.182
683.436
683.69
683.944
684.198
684.452
684.706
684.959
685.213
685.467
685.721
685.975
686.229
686.482
686.736
686.99
687.244
687.498
687.751
688.005
688.259
688.513
688.766
689.02
689.274
689.527
689.781
690.035
690.289
690.542
690.796
691.049
691.303
691.557
691.81
692.064
692.318
692.571
692.825
693.078
693.332
693.585
693.839
694.092
694.346
694.599
694.853
695.106
695.36
695.613
695.867
696.12
696.374
696.627
696.881
697.134
697.387
697.641
697.894
698.148
698.401
698.654
698.908
699.161
699.414
699.668
699.921
700.174
700.428
700.681
700.934
701.188
701.441
701.694
701.947
702.2
702.454
702.707
702.96
703.213
703.467
703.72
703.973
704.226
704.479
704.732
704.985
705.239
705.492
705.745
705.998
706.251
706.504
706.757
707.01
707.263
707.516
707.769
708.022
708.275
708.528
708.781
709.034
709.287
709.54
709.793
710.046
710.299
710.552
710.805
711.058
711.311
711.563
711.816
712.069
712.322
712.575
712.828
713.081
713.333
713.586
713.839
714.092
714.345
714.597
714.85
715.103
715.356
715.608
715.861
716.114
716.367
716.619
716.872
717.125
717.377
717.63
717.883
718.135
718.388
718.64
718.893
719.146
719.398
719.651
719.903
720.156
720.409
720.661
720.914
721.166
721.419
721.671
721.924
722.176
722.429
722.681
722.934
723.186
723.438
723.691
723.943
724.196
724.448
724.701
724.953
725.205
725.458
725.71
725.962
726.215
726.467
726.719
726.972
727.224
727.476
727.729
727.981
728.233
728.485
728.738
728.99
729.242
729.494
729.746
729.999
730.251
730.503
730.755
731.007
731.26
731.512
731.764
732.016
732.268
732.52
732.772
733.024
733.276
733.528
733.781
734.033
734.285
734.537
734.789
735.041
735.293
735.545
735.797
736.049
736.301
736.553
736.804
737.056
737.308
737.56
737.812
738.064
738.316
738.568
738.82
739.072
739.323
739.575
739.827
740.079
740.331
740.582
740.834
741.086
741.338
741.59
741.841
742.093
742.345
742.597
742.848
743.1
743.352
743.603
743.855
744.107
744.358
744.61
744.862
745.113
745.365
745.617
745.868
746.12
746.371
746.623
746.874
747.126
747.378
747.629
747.881
748.132
748.384
748.635
748.887
749.138
749.39
749.641
749.892
750.144
750.395
750.647
750.898
751.15
751.401
751.652
751.904
752.155
752.406
752.658
752.909
753.16
753.412
753.663
753.914
754.166
754.417
754.668
754.919
755.171
755.422
755.673
755.924
756.176
756.427
756.678
756.929
757.18
757.432
757.683
757.934
758.185
758.436
758.687
758.938
759.189
759.441
759.692
759.943
760.194
760.445
760.696
760.947
761.198
761.449
761.7
761.951
762.202
762.453
762.704
762.955
763.206
763.457
763.708
763.959
764.209
764.46
764.711
764.962
765.213
765.464
765.715
765.966
766.216
766.467
766.718
766.969
767.22
767.47
767.721
767.972
768.223
768.473
768.724
768.975
769.226
769.476
769.727
769.978
770.228
770.479
770.73
770.98
771.231
771.482
771.732
771.983
772.233
772.484
772.735
772.985
773.236
773.486
773.737
773.987
774.238
774.488
774.739
774.989
775.24
775.49
775.741
775.991
776.242
776.492
776.743
776.993
777.244
777.494
777.744
777.995
778.245
778.495
778.746
778.996
779.246
779.497
779.747
779.997
780.248
780.498
780.748
780.999
781.249
781.499
781.749
782.0
782.25
782.5
782.75
783.0
783.251
783.501
783.751
784.001
784.251
784.501
784.751
785.002
785.252
785.502
785.752
786.002
786.252
786.502
786.752
787.002
787.252
787.502
787.752
788.002
788.252
788.502
788.752
789.002
789.252
789.502
789.752
790.002
790.252
790.502
790.752
791.001
791.251
791.501
791.751
792.001
792.251
792.501
792.75
793.0
793.25
793.5
793.749
793.999
794.249
794.499
794.749
794.998
795.248
795.498
795.747
795.997
796.247
796.496
796.746
796.996
797.245
797.495
797.745
797.994
798.244
798.493
798.743
798.993
799.242
799.492
799.741
799.991
800.24
800.49
800.739
800.989
801.238
801.488
801.737
801.987
802.236
802.486
802.735
802.985
803.234
803.483
803.733
803.982
804.231
804.481
804.73
804.98
805.229
805.478
805.728
805.977
806.226
806.475
806.725
806.974
807.223
807.472
807.722
807.971
808.22
808.469
808.719
808.968
809.217
809.466
809.715
809.964
810.214
810.463
810.712
810.961
811.21
811.459
811.708
811.957
812.206
812.455
812.704
812.953
813.202
813.451
813.7
813.949
814.198
814.447
814.696
814.945
815.194
815.443
815.692
815.941
816.19
816.439
816.688
816.937
817.186
817.434
817.683
817.932
818.181
818.43
818.679
818.927
819.176
819.425
819.674
819.922
820.171
820.42
820.669
820.917
821.166
821.415
821.664
821.912
822.161
822.41
822.658
822.907
823.156
823.404
823.653
823.901
824.15
824.399
824.647
824.896
825.144
825.393
825.641
825.89
826.138
826.387
826.635
826.884
827.132
827.381
827.629
827.878
828.126
828.375
828.623
828.872
829.12
829.368
829.617
829.865
830.113
830.362
830.61
830.858
831.107
831.355
831.603
831.852
832.1
832.348
832.597
832.845
833.093
833.341
833.59
833.838
834.086
834.334
834.582
834.831
835.079
835.327
835.575
835.823
836.071
836.319
836.568
836.816
837.064
837.312
837.56
837.808
838.056
838.304
838.552
838.8
839.048
839.296
839.544
839.792
840.04
840.288
840.536
840.784
841.032
841.28
841.528
841.776
842.024
842.271
842.519
842.767
843.015
843.263
843.511
843.759
844.006
844.254
844.502
844.75
844.998
845.245
845.493
845.741
845.989
846.236
846.484
846.732
846.979
847.227
847.475
847.722
847.97
848.218
848.465
848.713
848.961
849.208
849.456
849.703
849.951
850.199
850.446
850.694
850.941
851.189
851.436
851.684
851.931
852.179
852.426
852.674
852.921
853.169
853.416
853.664
853.911
854.159
854.406
854.653
854.901
855.148
855.395
855.643
855.89
856.138
856.385
856.632
856.879
857.127
857.374
857.621
857.869
858.116
858.363
858.61
858.858
859.105
859.352
859.599
859.846
860.094
860.341
860.588
860.835
861.082
861.329
861.576
861.824
862.071
862.318
862.565
862.812
863.059
863.306
863.553
863.8
864.047
864.294
864.541
864.788
865.035
865.282
865.529
865.776
866.023
866.27
866.517
866.764
867.011
867.258
867.505
867.751
867.998
868.245
868.492
868.739
868.986
869.232
869.479
869.726
869.973
870.22
870.466
870.713
870.96
871.207
871.453
871.7
871.947
872.193
872.44
872.687
872.934
873.18
873.427
873.673
873.92
874.167
874.413
874.66
874.907
875.153
875.4
875.646
875.893
876.139
876.386
876.632
876.879
877.125
877.372
877.618
877.865
878.111
878.358
878.604
878.851
879.097
879.344
879.59
879.836
880.083
880.329
880.575
880.822
881.068
881.314
881.561
881.807
882.053
882.3
882.546
882.792
883.039
883.285
883.531
883.777
884.023
884.27
884.516
884.762
885.008
885.254
885.501
885.747
885.993
886.239
886.485
886.731
886.977
887.224
887.47
887.716
887.962
888.208
888.454
888.7
888.946
889.192
889.438
889.684
889.93
890.176
890.422
890.668
890.914
891.16
891.406
891.652
891.898
892.143
892.389
892.635
892.881
893.127
893.373
893.619
893.864
894.11
894.356
894.602
894.848
895.093
895.339
895.585
895.831
896.076
896.322
896.568
896.814
897.059
897.305
897.551
897.796
898.042
898.288
898.533
898.779
899.025
899.27
899.516
899.761
900.007
900.253
900.498
900.744
900.989
901.235
901.48
901.726
901.971
902.217
902.462
902.708
902.953
903.199
903.444
903.689
903.935
904.18
904.426
904.671
904.916
905.162
905.407
905.653
905.898
906.143
906.389
906.634
906.879
907.124
907.37
907.615
907.86
908.106
908.351
908.596
908.841
909.086
909.332
909.577
909.822
910.067
910.312
910.558
910.803
911.048
911.293
911.538
911.783
912.028
912.273
912.518
912.763
913.009
913.254
913.499
913.744
913.989
914.234
914.479
914.724
914.969
915.214
915.459
915.703
915.948
916.193
916.438
916.683
916.928
917.173
917.418
917.663
917.907
918.152
918.397
918.642
918.887
919.132
919.376
919.621
919.866
920.111
920.355
920.6
920.845
921.09
921.334
921.579
921.824
922.068
922.313
922.558
922.802
923.047
923.292
923.536
923.781
924.026
924.27
924.515
924.759
925.004
925.248
925.493
925.738
925.982
926.227
926.471
926.716
926.96
927.205
927.449
927.693
927.938
928.182
928.427
928.671
928.916
929.16
929.404
929.649
929.893
930.137
930.382
930.626
930.87
931.115
931.359
931.603
931.848
932.092
932.336
932.58
932.825
933.069
933.313
933.557
933.802
934.046
934.29
934.534
934.778
935.022
935.267
935.511
935.755
935.999
936.243
936.487
936.731
936.975
937.219
937.463
937.707
937.951
938.195
938.439
938.683
938.927
939.171
939.415
939.659
939.903
940.147
940.391
940.635
940.879
941.123
941.367
941.611
941.855
942.098
942.342
942.586
942.83
943.074
943.318
943.561
943.805
944.049
944.293
944.536
944.78
945.024
945.268
945.511
945.755
945.999
946.243
946.486
946.73
946.974
947.217
947.461
947.704
947.948
948.192
948.435
948.679
948.922
949.166
949.41
949.653
949.897
950.14
950.384
950.627
950.871
951.114
951.358
951.601
951.845
952.088
952.331
952.575
952.818
953.062
953.305
953.548
953.792
954.035
954.279
954.522
954.765
955.009
955.252
955.495
955.739
955.982
956.225
956.468
956.712
956.955
957.198
957.441
957.685
957.928
958.171
958.414
958.657
958.9
959.144
959.387
959.63
959.873
960.116
960.359
960.602
960.845
961.088
961.332
961.575
961.818
962.061
962.304
962.547
962.79
963.033
963.276
963.519
963.762
964.005
964.247
964.49
964.733
964.976
965.219
965.462
965.705
965.948
966.191
966.433
966.676
966.919
967.162
967.405
967.648
967.89
968.133
968.376
968.619
968.861
969.104
969.347
969.59
969.832
970.075
970.318
970.56
970.803
971.046
971.288
971.531
971.774
972.016
972.259
972.501
972.744
972.987
973.229
973.472
973.714
973.957
974.199
974.442
974.684
974.927
975.169
975.412
975.654
975.897
976.139
976.382
976.624
976.866
977.109
977.351
977.594
977.836
978.078
978.321
978.563
978.805
979.048
979.29
979.532
979.775
980.017
980.259
980.501
980.744
980.986
981.228
981.47
981.713
981.955
982.197
982.439
982.681
982.923
983.166
983.408
983.65
983.892
984.134
984.376
984.618
984.86
985.102
985.344
985.587
985.829
986.071
986.313
986.555
986.797
987.039
987.281
987.523
987.764
988.006
988.248
988.49
988.732
988.974
989.216
989.458
989.7
989.942
990.183
990.425
990.667
990.909
991.151
991.393
991.634
991.876
992.118
992.36
992.601
992.843
993.085
993.327
993.568
993.81
994.052
994.293
994.535
994.777
995.018
995.26
995.502
995.743
995.985
996.226
996.468
996.71
996.951
997.193
997.434
997.676
997.917
998.159
998.4
998.642
998.883
999.125
999.366
999.608
999.849
1000.091
1000.332
1000.573
1000.815
1001.056
1001.298
1001.539
1001.78
1002.022
1002.263
1002.504
1002.746
1002.987
1003.228
1003.47
1003.711
1003.952
1004.193
1004.435
1004.676
1004.917
1005.158
1005.399
1005.641
1005.882
1006.123
1006.364
1006.605
1006.847
1007.088
1007.329
1007.57
1007.811
1008.052
1008.293
1008.534
1008.775
1009.016
1009.257
1009.498
1009.739
1009.98
1010.221
1010.462
1010.703
1010.944
1011.185
1011.426
1011.667
1011.908
1012.149
1012.39
1012.631
1012.872
1013.113
1013.354
1013.594
1013.835
1014.076
1014.317
1014.558
1014.799
1015.039
1015.28
1015.521
1015.762
1016.002
1016.243
1016.484
1016.725
1016.965
1017.206
1017.447
1017.687
1017.928
1018.169
1018.409
1018.65
1018.891
1019.131
1019.372
1019.612
1019.853
1020.094
1020.334
1020.575
1020.815
1021.056
1021.296
1021.537
1021.777
1022.018
1022.258
1022.499
1022.739
1022.98
1023.22
1023.461
1023.701
1023.942
1024.182
1024.422
1024.663
1024.903
1025.143
1025.384
1025.624
1025.864
1026.105
1026.345
1026.585
1026.826
1027.066
1027.306
1027.547
1027.787
1028.027
1028.267
1028.507
1028.748
1028.988
1029.228
1029.468
1029.708
1029.949
1030.189
1030.429
1030.669
1030.909
1031.149
1031.389
1031.629
1031.869
1032.109
1032.35
1032.59
1032.83
1033.07
1033.31
1033.55
1033.79
1034.03
1034.27
1034.51
1034.749
1034.989
1035.229
1035.469
1035.709
1035.949
1036.189
1036.429
1036.669
1036.909
1037.148
1037.388
1037.628
1037.868
1038.108
1038.347
1038.587
1038.827
1039.067
1039.307
1039.546
1039.786
1040.026
1040.265
1040.505
1040.745
1040.985
1041.224
1041.464
1041.703
1041.943
1042.183
1042.422
1042.662
1042.902
1043.141
1043.381
1043.62
1043.86
1044.099
1044.339
1044.578
1044.818
1045.057
1045.297
1045.536
1045.776
1046.015
1046.255
1046.494
1046.734
1046.973
1047.213
1047.452
1047.691
1047.931
1048.17
1048.409
1048.649
1048.888
1049.127
1049.367
1049.606
1049.845
1050.085
1050.324
1050.563
1050.802
1051.042
1051.281
1051.52
1051.759
1051.999
1052.238
1052.477
1052.716
1052.955
1053.194
1053.434
1053.673
1053.912
1054.151
1054.39
1054.629
1054.868
1055.107
1055.346
1055.585
1055.824
1056.063
1056.302
1056.541
1056.78
1057.019
1057.258
1057.497
1057.736
1057.975
1058.214
1058.453
1058.692
1058.931
1059.17
1059.409
1059.647
1059.886
1060.125
1060.364
1060.603
1060.842
1061.08
1061.319
1061.558
1061.797
1062.036
1062.274
1062.513
1062.752
1062.991
1063.229
1063.468
1063.707
1063.945
1064.184
1064.423
1064.661
1064.9
1065.139
1065.377
1065.616
1065.854
1066.093
1066.332
1066.57
1066.809
1067.047
1067.286
1067.524
1067.763
1068.001
1068.24
1068.478
1068.717
1068.955
1069.194
1069.432
1069.671
1069.909
1070.147
1070.386
1070.624
1070.863
1071.101
1071.339
1071.578
1071.816
1072.054
1072.293
1072.531
1072.769
1073.007
1073.246
1073.484
1073.722
1073.96
1074.199
1074.437
1074.675
1074.913
1075.152
1075.39
1075.628
1075.866
1076.104
1076.342
1076.58
1076.819
1077.057
1077.295
1077.533
1077.771
1078.009
1078.247
1078.485
1078.723
1078.961
1079.199
1079.437
1079.675
1079.913
1080.151
1080.389
1080.627
1080.865
1081.103
1081.341
1081.579
1081.817
1082.054
1082.292
1082.53
1082.768
1083.006
1083.244
1083.481
1083.719
1083.957
1084.195
1084.433
1084.67
1084.908
1085.146
1085.384
1085.621
1085.859
1086.097
1086.335
1086.572
1086.81
1087.048
1087.285
1087.523
1087.76
1087.998
1088.236
1088.473
1088.711
1088.948
1089.186
1089.424
1089.661
1089.899
1090.136
1090.374
1090.611
1090.849
1091.086
1091.324
1091.561
1091.799
1092.036
1092.273
1092.511
1092.748
1092.986
1093.223
1093.46
1093.698
1093.935
1094.173
1094.41
1094.647
1094.885
1095.122
1095.359
1095.596
1095.834
1096.071
1096.308
1096.545
1096.783
1097.02
1097.257
1097.494
1097.731
1097.969
1098.206
1098.443
1098.68
1098.917
1099.154
1099.392
1099.629
1099.866
1100.103
1100.34
1100.577
1100.814
1101.051
1101.288
1101.525
1101.762
1101.999
1102.236
1102.473
1102.71
1102.947
1103.184
1103.421
1103.658
1103.895
1104.132
1104.369
1104.605
1104.842
1105.079
1105.316
1105.553
1105.79
1106.026
1106.263
1106.5
1106.737
1106.974
1107.21
1107.447
1107.684
1107.921
1108.157
1108.394
1108.631
1108.867
1109.104
1109.341
1109.577
1109.814
1110.051
1110.287
1110.524
1110.761
1110.997
1111.234
1111.47
1111.707
1111.944
1112.18
1112.417
1112.653
1112.89
1113.126
1113.363
1113.599
1113.836
1114.072
1114.308
1114.545
1114.781
1115.018
1115.254
1115.491
1115.727
1115.963
1116.2
1116.436
1116.672
1116.909
1117.145
1117.381
1117.618
1117.854
1118.09
1118.326
1118.563
1118.799
1119.035
1119.271
1119.508
1119.744
1119.98
1120.216
